FILAMENT Actin-Polymer 1501.0450859625416 868.561843254257 1012.1942585399759 2499.632021889065 962.9999244953756 1102.3152773917118
FILAMENT Actin-Polymer 1500.85968211708 898.5096097645953 952.4962463589884 2500.1229599076178 838.4108013105608 1081.9239161642663
FILAMENT Actin-Polymer 1500.531432024155 912.6530662429284 1026.214017557294 2499.795029110892 987.8658065746974 1051.8506605365233
FILAMENT Actin-Polymer 1499.7882959807039 971.6894031466495 976.3456049557509 2500.830933807669 952.0821610534103 940.2526340763523
FILAMENT Actin-Polymer 1500.86522947366 856.6864743925337 1053.0379018762487 2500.4324254549842 899.2470313288695 863.7121844679244
FILAMENT Actin-Polymer 1500.4871811965922 981.6781204946254 826.514353163274 2500.0865937624085 979.7737098850146 659.8912642746866
FILAMENT Actin-Polymer 1500.0617500763494 920.7437758400347 859.506368759231 2500.0731749847205 683.4795126017518 654.8431829391882
FILAMENT Actin-Polymer 1500.3683619107396 874.1171091369706 942.8822341819309 2499.283139018086 784.7275556119158 950.9835480045062
FILAMENT Actin-Polymer 1500.6778627225517 1018.1547521693587 1133.5935294064352 2499.8220476076513 969.1236832415775 1352.2611852090913
FILAMENT Actin-Polymer 1499.7978234788304 939.753401096314 1024.367890340197 2499.5609111938975 963.749314404344 962.1484949583969
FILAMENT Actin-Polymer 1500.1743757129175 880.38513075275 1083.4949399968011 2500.6820115075925 809.5476163682735 1182.2882190627402
FILAMENT Actin-Polymer 1500.3170393456974 1009.7483775349624 910.55397197586 2500.8452029034934 975.2670591074343 986.8634225651235
FILAMENT Actin-Polymer 1500.2405844338932 997.714398445415 954.6239277120318 2500.4365862424393 1078.788214691146 1048.8763569592202
FILAMENT Actin-Polymer 1500.5614271254967 1165.210316672772 921.0708307265334 2499.1370421210104 1295.8030746069358 1042.707061297861
FILAMENT Actin-Polymer 1500.9538344273383 1085.061660219365 941.8430735009746 2500.7793929993186 1216.4626453017913 939.3957091593537
FILAMENT Actin-Polymer 1500.373995987552 1028.875840409331 1094.0260945143866 2499.8714296273183 1075.8790725714312 1186.3527170192638
FILAMENT Actin-Polymer 1500.757466412308 1114.476281752084 942.6413379304995 2499.870930845842 1414.9474796360244 850.3501969700159
FILAMENT Actin-Polymer 1500.4153868253138 962.166733043144 965.1155015180467 2500.1847823351604 718.5576794432195 793.3850860574356
FILAMENT Actin-Polymer 1500.0975709686522 982.7499089349235 1316.3274820513866 1813.3031033976572 951.7112374896647 1498.1927868056437
FILAMENT Actin-Polymer 1500.839154795507 1070.497797561522 1083.3229359719599 2499.816010493202 1027.9792263673673 1275.675566348713
FILAMENT Actin-Polymer 1500.400766624342 1194.5697535526183 928.0779974552224 2499.5042464942826 1413.2431641511635 758.0777929673131